kv = 700;
dv = 1500;
kappav = 400; %700      
deltav = 500; %1500

mv = 1.4;
jv = 0.2;

m0 = 1.4;
j0 = 0.2;
g = [0;0;0];

m1 = 10; 
m2 = 10;
m3 = 10; 
m4 = 10;
%miv = m1*1.0;
j1 = 0.5;
j2 = 0.5;
j3 = 0.5;
j4 = 0.5;
%jiv = j1*1.0;

ks = 125; %180
ds = ks*5; 
kappas = ks/20;   %
deltas = ds/20; %

r = 0.4*[1 0 0 0 1 0 -1 0 0 0 -1 0]';
rv = 0.4*[1 0 0 0 1 0 -1 0 0 0 -1 0]';