kv = 10000;
kappav = 10000;
dv = 200;
deltav = 500;
mv = 10;
jv = 1;

m0 = 10;
j0 = 1;
g = [0;0;0];

m1 = 10; 
m2 = 10;
m3 = 10; 
m4 = 10;
miv = 10;
j1 = 10;
j2 = 10;
j3 = 10;
j4 = 10;
jiv = 1;

ks = 2000;
ds = 250; %300
kappas = 2000;   %500
deltas = 250; %300

r = [1 0 0 0 1 0 -1 0 0 0 -1 0]';
rv = [1 0 0 0 1 0 -1 0 0 0 -1 0]';