kv = 200;
kappav = 200;
dv = 10;
deltav = 10;
mv = 1.4;
jv = 0.2;

m0 = 1.4;
j0 = 0.2;
g = [0;0;0];

m1 = 2; 
m2 = 2;
m3 = 2; 
m4 = 2;
miv = m1*1.0;
j1 = 0.5;
j2 = 0.5;
j3 = 0.5;
j4 = 0.5;
jiv = j1*1.0;

ks = 10;
ds = 50; %300
kappas = 10;   %500
deltas = 50; %300

r = 1*[1 0 0 0 1 0 -1 0 0 0 -1 0]';
rv = 1*[1 0 0 0 1 0 -1 0 0 0 -1 0]';