kv = 20000;
kappav = 2000;
dv = 5000;
deltav = 2000;
mv = 10;
jv = 1;

kvs = 100000;
kappavs = 10000;
m0 = 10;
j0 = 1;
g = [0;0;0];

m1 = 10; 
m2 = 10;
m3 = 10; 
m4 = 10;
j1 = 10;
j2 = 10;
j3 = 10;
j4 = 10;

ks = 3000;
ds = 0;
kappas = 2000;
deltas = 0;

r = [1 0 0 0 1 0 -1 0 0 0 -1 0]';
rv = [1 0 0 0 1 0 -1 0 0 0 -1 0]';
%rv = [0.98 0 0 0 0.98 0 -0.98 0 0 0 -0.98 0]';