% kv = 50000;
% dv = 20000;
% kappav = 50000;
% deltav = 20000;
% mv = 10;
% jv = 1;
% 
% m0 = 10;
% j0 = 1;
% g = [0;0;0];
% 
% m1 = 10; 
% m2 = 10;
% m3 = 10; 
% m4 = 10;
% miv = 10;
% j1 = 10;
% j2 = 10;
% j3 = 10;
% j4 = 10;
% jiv = 1;
% 
% ks = 500; %500
% ds = 10000; %300
% kappas = 500;   %500
% deltas = 10000; %300
% 
% r = [1 0 0 0 1 0 -1 0 0 0 -1 0]';
% rv = [1 0 0 0 1 0 -1 0 0 0 -1 0]';

%%Values according to Caccvale Villani paper
kv = 300;
dv = 400;
kappav = 500;
deltav = 1000;


m0 = 1.4;
j0 = 0.03;
g = [0;0;0];

m1 = 2; 
m2 = 2;
m3 = 2; 
m4 = 2;
miv = m1*1;
j1 = 2;
j2 = 2;
j3 = 2;
j4 = 2;
jiv = j1*1;
mv = m0*1;
jv = j0*1;

ks = 100; %500
ds = 500; %300
kappas = 100;   %500
deltas = 500; %300

r = [1 0 0 0 1 0 -1 0 0 0 -1 0]';
rv = [1 0 0 0 1 0 -1 0 0 0 -1 0]';