kv = 20000;
kappav = 20000;
dv = 1500;
deltav = 1500;
mv = 10;
jv = 1;

m0 = 10;
j0 = 1;
g = [0;0;0];

m1 = 10; 
m2 = 10;
m3 = 10; 
m4 = 10;
j1 = 10;
j2 = 10;
j3 = 10;
j4 = 10;

ks = 50000;
ds = -500;
kappas = 100;
deltas = -5;

r = [1 0 0 0 1 0 -1 0 0 0 -1 0]';